
                –’√˚           —ß∫≈  «ﬁ “∫≈           QQ∫≈         µÁª∞∫≈
           zhanglong         110559     520       21564526       18666615
            demaxiya         120258     120       21554525       18681615
            xiaoming         120301     520       27778548       18652115
            xiaohong         120302     120       21564525       18696415
             xiaohua         120303     520       21564585       18655615
             xiaoyue         120399     113       21564654       18678615
             xiaohei         120456     520       21564585       18655615
            xiaowang         120478     521       21564458       18655615
           nuokesasi         120953     521       21564545       18651815
            tiantian         123348     110       31564528       16657615
